540 · INDEX semmam:

Δ 220. 185. 2048. conpreccepte
de liberorum educatione . ¹¹9·
·cespicitur646.seq. ·
Οῑίξᾲΐιριέιιε300302003223204222·
0., .
ΟἰεετοΐρῒηὶϋωῃιῃάεἱοοίεΜ.
· Ciceronislibcilll.

Cicero( 8127231322 ) optimus au·
&oracmagistereloquentiaeffl
, 82422442 332342362632662672
69,72·76,78,82. 82 9.⁶³¹0²·¹05·
229, 22 9,2 38,247,ις2,2ς2,269,
276,278,284,287,2902920924,
·. 297, 204, 206, 207, 224, 220,
2222 2232 226223222342 2332
2392 2492 23 32 234223 322392
2632 2722 2722 273227322822
284, 286, 292,294,302,306,
307208232323272328232223222
3322 3332· 3342 3402 34423432
3462 3522 3372 3632 3642 3632
36623282422207242624242062
4Ῑ72 4892 4202 4232 4272 4303
4332 4382 44024422 4442 4462
4482 4392 46324642 463 2 4672
4682 4692 4702 4732473 24782
4792 48024902 3002 3032 3032
, 3062307230923212313232423242
2262228223322332232224222422

f 342234323442330233223322

2232 22622272228222922622
2622 2632 266226722722 2762
582,,82,292,607,624,627,622
6232 6322 6262662266426762
670682686688690692692.
6942 6982 69927022 7032 7032
’,7072 7082 7092 722272227832

7·24272327172728,722,722, ·

738272227332732273627222
(7322 74620282722272227232

-ΜΜῊΜΜΜ

7722 7762 7782 7722780780
7822 7832 7842783279327962
008008
81928202 822,822,823, 824,
83528292 832283328332 8372
8322 840, 84228462 84728262
8222 8222 82328208ςὸ2 8222
860, 862, 862,86 ,866, 867,
86828702 87428 3288428832
8862 8882 8892903298629892
2262 2262 222043224222482
93 32 9372 96029622 96329662
2672 2682972227027422722

97729822 98629982 9992 1004,
2007,.2,02.62 2022, 20202025,

2026, 2027, 10312103401038,
1⁰41s10432104822049210502
105 72 10622 30642 8067210702

.· 1071210732107421088210895

2292226272222822222222222
2207, 2208, 2222, 2224,
Cicero Apollonio Melone u·
suc praeceptore 1073.Acede·
22230 plurimum debere sc pro·
fcffus1q63.-unicum apud nos
specimen orandi ‚docendique
oratorias artes. 218. 22222432-
ff„¹2¹2¹13‘0²zfs22z2{?3953.⁰3¹;;‡:

-uibus eminencifflmusc 2088.

summus 'illc trestcndorum 2-
0220020202223322 98220222 De·
mosthene compareturpes. ef·
finxit vim Demosthenis, co·
f}33;{'1?;⁰1⁰⁶⁵‘p{.3¹⁰3:2 12¹3?
03032021040222230 nomen he·
betur.916.hunc specemus, hoc
propofitum nobis ‚fitl exem·
pum,

 

